3845863377233
9880646359627
7027975263060
2594401166766
9643356309758
9998691936463
9405645606984
3508660262606
4313206443596
2901169756515
2363775037241
6934673263725
1684265811974
5283699124845
0600613610192
4078912378944
1171770998763
7258157428737
3391733344661
1386470870265
0184366568588
3521133820898
1131295766709
1671143498869
8439566807497
2372756180362
7809756259794
1674891923093
7995553087040
1249598629161
2560755004457
3325582791387
0582066871144
4512077191289
9009380266662
6922182812654
2649633066858
2617251810139
3645520584417
7542442304336
4009088991026
6829370098271
3037164846916
3886453094961
9092859900357
7649232160572
6593210402846
6291551704189
2334501815852
5084746378196
9255170550153
1760968322675
1458616025311
2304045888787
4196669633874
5689795566553
6254559332906
7576838939437
7823629348193
2265799324635
5286124455381
9452915484924
9676600520082
5835448751680
6409433081239
1360793888956
4131827146577
3609050854750
9558740652071
1042234745123
4259706876053
1194795559300
0073641542923
1241716139323
5654059870602
8605544731169
2561200350574
5582927998896
4401259268412
4862433046977
4754157812679
0608354163344
4646985416546
1408897185292
0286459334878
1104031825430
9103549435821
5422557379640
2140158782759
7867365009884
7904548690144
3595551314997
3644080709155
1357872015019
5117564012256
3076773202480
9716341325721
6235759817119
5937102968683
2939030065290
